3.811792807273466	7.923113478847576	3.718582081094755	
7.375449324729217	4.269476292659767	5.655404302393034	
8.794460199624591	9.666484970658537	0.01018566534137788	
9.597823064463727	6.083871158749272	2.7517157155087375	
1.36495422074299	4.420508457588272	2.972782250739076	
6.8487743078430245	4.503345102856583	1.4528741971642596	
3.925779825110639	1.4909548676942603	2.0887468572990633	
1.5388009599697536	2.8502617357484374	6.068356256011017	
2.3998402194410002	3.0441481204479137	8.530993003924863	
8.253321853975086	2.121663566865599	8.588274116832197	
5.490746356307221	8.007002647315725	8.480305465940367	

