7.858400921340672	3.949785758187975	119.78094542081669	
6.364931660198964	8.661193857047808	71.62590293202442	
2.6094405855833496	8.370789423238199	50.51848227175395	
1.052842264013384	2.066558817114876	54.72381293816533	
8.021612611076733	0.21529422793648623	24.64265913494701	
4.599682752114185	1.360460258214554	67.17575580960076	
9.096281092322732	8.886248852269803	33.90152262387598	
0.7023969295372678	6.044938902726903	8.355472916787734	
3.5360159375549194	4.218799246424361	47.47089517287246	

